 http://chemistry.illinoisstate.edu/standard/che460/handouts/460water.pdf
 numbers copy-pasted from this document

 ** Initial guess coefficients **
 MO: 1 2 3 4 5

 1 O 1S 0.99431 -0.23246 0.00000 -0.10725 0.00000
 2 O 2S 0.02551 0.83359 0.00000 0.55664 0.00000
 3 O 2PX 0.00000 0.00000 0.00000 0.00000 1.00000
 4 O 2PY 0.00000 0.00000 0.60718 0.00000 0.00000
 5 O 2PZ -0.00291 -0.14086 0.00000 0.76655 0.00000
 6 Ha 1S -0.00515 0.15562 0.44418 -0.28592 0.00000
 7 Hb 1S -0.00515 0.15562 -0.44418 -0.28592 0.00000

** One-Electron Hamiltonian
-32.730 -7.615 0.000 0.000 0.019 -1.780 -1.780
-7.615 -9.343 0.000 0.000 0.226 -3.788 -3.788
0.000 0.000 -7.397 0.000 0.000 0.000 0.000
0.000 0.000 0.000 -7.623 0.000 0.001 -0.001
0.019 0.226 0.000 0.000 -7.559 0.007 0.007
-1.780 -3.788 0.000 0.001 0.007 -5.107 -1.643
-1.780 -3.788 0.000 -0.001 0.007 -1.643 -5.107

** Overlap
1.000 0.237 0.000 0.000 0.000 0.055 0.055
0.237 1.000 0.000 0.000 0.000 0.479 0.479
0.000 0.000 1.000 0.000 0.000 0.000 0.000
0.000 0.000 0.000 1.000 0.000 0.313 -0.313
0.000 0.000 0.000 0.000 1.000 -0.242 -0.242
0.055 0.479 0.000 0.313 -0.242 1.000 0.256
0.055 0.479 0.000 -0.313 -0.242 0.256 1.000